{
  "id": 33,
  "name": "ทดสอบ",
  "tasks": [
    {
      "sequence": 1,
      "label": "Task 1",
      "j1": 33.35836667493097,
      "j2": 15.18831144759944,
      "j3": -28.08673431896673,
      "j4": -28.33662383211061,
      "j5": -48.69841497974973,
      "j6": -52.62929764365962,
      "rail": 0,
      "speed": 40,
      "delay": 0,
      "gripper": 0
    },
    {
      "sequence": 2,
      "label": "Task 3",
      "j1": 34.87081073129556,
      "j2": 36,
      "j3": 34.39724495291097,
      "j4": -142.3186330111525,
      "j5": -74.73994665587763,
      "j6": -176.4959380499747,
      "rail": 0,
      "speed": 40,
      "delay": 0,
      "gripper": 0
    },
    {
      "sequence": 3,
      "label": "Task 2",
      "j1": 2.744206746713782,
      "j2": -12.58442516764212,
      "j3": -6.889201787964637,
      "j4": 112.564295652503,
      "j5": -10.41941625794267,
      "j6": 80.76939673057053,
      "rail": 0,
      "speed": 40,
      "delay": 0,
      "gripper": 0
    },
    {
      "sequence": 4,
      "label": "Task 4",
      "j1": 2.817781366744297,
      "j2": 27.78086977055797,
      "j3": -49.35227802852935,
      "j4": 9.719209421307578,
      "j5": -78.94875188728648,
      "j6": -30.25680404718753,
      "rail": 0,
      "speed": 20,
      "delay": 1000,
      "gripper": 0
    }
  ]
}